Program Version,EnergyPlus, Linux, VERSION 6.0.0.023
! <Version>, Version ID
 Version, 6.0.0.023
! <Timesteps per Hour>, #TimeSteps, Minutes per TimeStep {minutes}
 Timesteps per Hour,  6, 10
! <System Convergence Limits>, Minimum System TimeStep {minutes}, Max HVAC Iterations
 System Convergence Limits, 1, 20
! <Simulation Control>, Do Zone Sizing, Do System Sizing, Do Plant Sizing, Do Design Days, Do Weather Simulation
 Simulation Control, No, No, No, No, Yes
! <Output Reporting Tolerances>, Tolerance for Time Heating Setpoint Not Met, Tolerance for Time Cooling Setpoint Not Met
 Output Reporting Tolerances, 0.200, 0.200, 
! <Site:GroundTemperature:BuildingSurface>, Months From Jan to Dec {Deg C}
 Site:GroundTemperature:BuildingSurface,  20.36,  20.32,  20.35,  20.40,  20.45,  23.38,  23.73,  23.81,  23.92,  21.02,  20.59,  20.45
! <Site:GroundTemperature:FCfactorMethod>, Months From Jan to Dec {Deg C}
 Site:GroundTemperature:FCfactorMethod,   9.73,  11.26,  14.24,  17.06,  22.41,  25.22,  25.99,  24.57,  21.27,  17.17,  13.13,  10.46
! <Site:GroundTemperature:Shallow>, Months From Jan to Dec {Deg C}
 Site:GroundTemperature:Shallow,  18.00,  18.00,  18.00,  18.00,  18.00,  18.00,  18.00,  18.00,  18.00,  18.00,  18.00,  18.00
! <Site:GroundTemperature:Deep>, Months From Jan to Dec {Deg C}
 Site:GroundTemperature:Deep,  16.00,  16.00,  16.00,  16.00,  16.00,  16.00,  16.00,  16.00,  16.00,  16.00,  16.00,  16.00
! <Site:GroundReflectance>, Months From Jan to Dec {dimensionless}
 Site:GroundReflectance,  0.20,  0.20,  0.20,  0.20,  0.20,  0.20,  0.20,  0.20,  0.20,  0.20,  0.20,  0.20
! <Site:GroundReflectance:SnowModifier>, Normal, Daylighting {dimensionless}
 Site:GroundReflectance:SnowModifier,   1.000,   1.000
! <Site:GroundReflectance:Snow>, Months From Jan to Dec {dimensionless}
 Site:GroundReflectance:Snow,  0.20,  0.20,  0.20,  0.20,  0.20,  0.20,  0.20,  0.20,  0.20,  0.20,  0.20,  0.20
! <Site:GroundReflectance:Snow:Daylighting>, Months From Jan to Dec {dimensionless}
 Site:GroundReflectance:Snow:Daylighting,  0.20,  0.20,  0.20,  0.20,  0.20,  0.20,  0.20,  0.20,  0.20,  0.20,  0.20,  0.20
! <Environment:Weather Station>,Wind Sensor Height Above Ground {m},Wind Speed Profile Exponent {},Wind Speed Profile Boundary Layer Thickness {m},Air Temperature Sensor Height Above Ground {m},Wind Speed Modifier Coefficient [Internal],Temperature Modifier Coefficient [Internal]
Environment:Weather Station,10.000,0.140,270.000,1.500,1.586,9.750E-003
! <Site:Location>, Location Name, Latitude {N+/S- Deg}, Longitude {E+/W- Deg},  Time Zone Number {GMT+/-}, Elevation {m},  Standard Pressure at Elevation {Pa}, Standard RhoAir at Elevation
Site:Location,ATHENS - GRC IWEC Data WMO#=167160,37.90,23.73,2.00,15.00,101145,1.2022
! <Building Information>, Building Name,North Axis {deg},Terrain,  Loads Convergence Tolerance Value,Temperature Convergence Tolerance Value,  Solar Distribution,Maximum Number of Warmup Days
 Building Information, Building,   0.000,Suburbs,   0.04000,   0.40000,FullExteriorWithReflectionsFromExteriorSurfaces,25
! <Inside Convection Algorithm>, Algorithm {Simple | TARP | CeilingDiffuser | AdaptiveConvectionAlgorithm}
Inside Convection Algorithm,TARP
! <Outside Convection Algorithm>, Algorithm {SimpleCombined | TARP | MoWitt | DOE-2 | AdaptiveConvectionAlgorithm}
Outside Convection Algorithm,TARP
! <Solution Algorithm>, Value {CTF - ConductionTransferFunction | EMPD - MoisturePenetrationDepthConductionTransferFunction | CONDFD - ConductionFiniteDifference | CONDFDSimple - Conduction Finite Difference Simplified | HAMT - CombinedHeatAndMoistureFiniteElement} - Description,Inside Surface Max Temperature Limit{C}
Solution Algorithm, CTF - Conduction Transfer Function,2000
! <Sky Radiance Distribution>, Value {Anisotropic}
Sky Radiance Distribution,Anisotropic
! <Zone Air Solution Algorithm>, Value {ThirdOrderBackwardDifference | AnalyticalSolution | EulerMethod}
 Zone Air Solution Algorithm, ThirdOrderBackwardDifference
! <Zone Air Contaminant Balance Simulation>, Simulation {Yes/No}, Carbon Dioxide Concentration
 Zone Air Contaminant Balance Simulation, No,N/A
! <Environment:Site Atmospheric Variation>,Wind Speed Profile Exponent {},Wind Speed Profile Boundary Layer Thickness {m},Air Temperature Gradient Coefficient {K/m}
Environment:Site Atmospheric Variation,0.220,370.000,6.500000E-003
! <SurfaceGeometry>,Starting Corner,Vertex Input Direction,Coordinate System,Daylight Reference Point Coordinate System,Rectangular (Simple) Surface Coordinate System
 Surface Geometry,LowerLeftCorner,Counterclockwise,RelativeCoordinateSystem,RelativeCoordinateSystem,RelativeToZoneOrigin
! <Other Side Coefficients>,Name,Combined convective/radiative film coefficient {W/m2-K},User selected Constant Temperature {C},Coefficient modifying the constant temperature term,Coefficient modifying the external dry bulb temperature term,Coefficient modifying the ground temperature term,Coefficient modifying the wind speed term {s/m},Coefficient modifying the zone air temperature term,Constant Temperature Schedule Name
Other Side Coefficients,BC:1_SUB3,N/A,N/A,1.000,0.000,0.000,0.000,0.000,BC:1_SUB3
Other Side Coefficients,BC:2_SUB3,N/A,N/A,1.000,0.000,0.000,0.000,0.000,BC:2_SUB3
Other Side Coefficients,BC:3_SUB3,N/A,N/A,1.000,0.000,0.000,0.000,0.000,BC:3_SUB3
Other Side Coefficients,BC:4_SUB3,N/A,N/A,1.000,0.000,0.000,0.000,0.000,BC:4_SUB3
Other Side Coefficients,BC:1_SUB1,N/A,N/A,1.000,0.000,0.000,0.000,0.000,BC:1_SUB1
Other Side Coefficients,BC:2_SUB1,N/A,N/A,1.000,0.000,0.000,0.000,0.000,BC:2_SUB1
Other Side Coefficients,BC:3_SUB1,N/A,N/A,1.000,0.000,0.000,0.000,0.000,BC:3_SUB1
Other Side Coefficients,BC:4_SUB1,N/A,N/A,1.000,0.000,0.000,0.000,0.000,BC:4_SUB1
Other Side Coefficients,BC:5_SUB1,N/A,N/A,1.000,0.000,0.000,0.000,0.000,BC:5_SUB1
Other Side Coefficients,BC:6_SUB1,N/A,N/A,1.000,0.000,0.000,0.000,0.000,BC:6_SUB1
! <Shading Summary>, Number of Fixed Detached Shades, Number of Building Detached Shades, Number of Attached Shades
 Shading Summary,0,48,0
! <Zone Summary>, Number of Zones, Number of Zone Surfaces, Number of SubSurfaces
 Zone Summary,35,550,171
! <Zone Information>,Zone Name,North Axis {deg},Origin X-Coordinate {m},Origin Y-Coordinate {m},Origin Z-Coordinate {m},Centroid X-Coordinate {m},Centroid Y-Coordinate {m},Centroid Z-Coordinate {m},Type,Zone Multiplier,Zone List Multiplier,Minimum X {m},Maximum X {m},Minimum Y {m},Maximum Y {m},Minimum Z {m},Maximum Z {m},Ceiling Height {m},Volume {m3},Zone Inside Convection Algorithm {Simple-Detailed-CeilingDiffuser-TrombeWall},Zone Outside Convection Algorithm {Simple-Detailed-Tarp-MoWitt-DOE-2-BLAST}, Floor Area {m2},Exterior Gross Wall Area {m2},Exterior Net Wall Area {m2},Exterior Window Area {m2}, Number of Surfaces, Number of SubSurfaces, Number of Shading SubSurfaces,  Part of Total Building Area
 Zone Information, BLOCK1:OFFICE4,0.0,0.00,0.00,0.00,9.22,-0.81,1.67,1,1,1,6.55,12.43,-4.40,2.16,0.00,3.35,3.35,63.72,TARP,TARP,19.02,31.33,21.58,9.75,14,10,0,Yes
 Zone Information, BLOCK1:OFFICE5%6,0.0,0.00,0.00,0.00,4.78,-0.35,1.67,1,1,1,2.17,7.59,-3.32,2.12,0.00,3.35,3.35,50.58,TARP,TARP,15.10,16.97,8.04,8.92,18,10,0,Yes
 Zone Information, BLOCK1:WC,0.0,0.00,0.00,0.00,1.62,0.59,1.67,1,1,1,0.10,3.01,-0.79,1.72,0.00,3.35,3.35,13.87,TARP,TARP,4.14,10.15,10.15,0.00,8,1,0,Yes
 Zone Information, BLOCK1:ELEVAT%CORRIDOR0,0.0,0.00,0.00,0.00,11.78,3.06,1.67,1,1,1,9.94,13.95,1.30,4.81,0.00,3.35,3.35,27.13,TARP,TARP,8.10,13.19,13.19,0.00,11,2,0,Yes
 Zone Information, BLOCK2:OFFICE12,0.0,0.00,0.00,0.00,2.40,0.68,6.03,1,1,1,0.10,4.45,-1.17,2.12,3.35,8.70,5.35,41.33,TARP,TARP,7.72,20.25,18.72,1.53,11,5,0,Yes
 Zone Information, BLOCK2:ELEVAT%CORRIDOR1,0.0,0.00,0.00,0.00,11.83,3.07,6.03,1,1,1,9.94,13.95,1.30,4.81,3.35,8.70,5.35,43.37,TARP,TARP,8.10,21.06,21.06,0.00,11,2,0,Yes
 Zone Information, BLOCK2:OFFICE11,0.0,0.00,0.00,0.00,8.77,-0.87,6.03,1,1,1,5.31,12.43,-4.71,2.16,3.35,8.70,5.35,126.44,TARP,TARP,23.43,59.67,53.97,5.70,16,10,0,Yes
 Zone Information, BLOCK2:OFFICE13,0.0,0.00,0.00,0.00,4.72,-0.70,6.03,1,1,1,2.82,6.15,-2.60,0.96,3.35,8.70,5.35,37.99,TARP,TARP,7.10,15.36,12.29,3.07,11,6,0,Yes
 Zone Information, UNDERGROUND:ZONE2,0.0,0.00,0.00,0.00,16.92,4.41,-1.25,1,1,1,14.53,19.70,1.71,7.66,-2.50,0.00,2.50,32.34,AdaptiveConvectionAlgorit,TARP,12.94,0.00,0.00,0.00,8,0,0,Yes
 Zone Information, UNDERGROUND:ZONE1,0.0,0.00,0.00,0.00,15.68,5.79,-1.25,1,1,1,13.75,18.67,3.64,7.66,-2.50,0.00,2.50,18.23,AdaptiveConvectionAlgorit,TARP,7.29,0.00,0.00,0.00,7,0,0,Yes
 Zone Information, FIRSTFLOOR:ZONE7,0.0,0.00,0.00,0.00,16.96,4.48,5.35,1,1,1,14.53,19.70,1.71,7.66,3.35,7.35,4.00,51.74,AdaptiveConvectionAlgorit,TARP,12.94,42.55,40.30,1.74,8,3,0,Yes
 Zone Information, FIRSTFLOOR:ZONE3,0.0,0.00,0.00,0.00,11.79,5.16,5.35,1,1,1,9.61,14.03,4.00,6.31,3.35,7.35,4.00,20.73,AdaptiveConvectionAlgorit,TARP,5.18,0.00,0.00,0.00,7,3,0,Yes
 Zone Information, FIRSTFLOOR:ZONE6,0.0,0.00,0.00,0.00,15.75,5.85,5.35,1,1,1,13.76,18.67,3.64,7.66,3.35,7.35,4.00,29.15,AdaptiveConvectionAlgorit,TARP,7.29,6.44,5.99,0.25,7,2,0,Yes
 Zone Information, FIRSTFLOOR:ZONE5,0.0,0.00,0.00,0.00,7.22,1.84,5.35,1,1,1,3.85,9.96,8.95E-002,4.00,3.35,7.35,4.00,60.76,AdaptiveConvectionAlgorit,TARP,15.15,0.00,0.00,11.94,18,13,0,Yes
 Zone Information, FIRSTFLOOR:ZONE2,0.0,0.00,0.00,0.00,0.67,2.07,5.35,1,1,1,-2.77,3.85,0.81,3.42,3.35,7.35,4.00,26.82,AdaptiveConvectionAlgorit,TARP,6.70,6.56,6.56,0.00,6,2,0,Yes
 Zone Information, FIRSTFLOOR:ZONE1,0.0,0.00,0.00,0.00,3.52,4.39,5.35,1,1,1,-3.35,11.08,1.63,6.83,3.35,7.35,4.00,103.94,AdaptiveConvectionAlgorit,TARP,0.14,57.50,49.12,6.86,10,17,0,Yes
 Zone Information, FIRSTFLOOR:ZONE4,0.0,0.00,0.00,0.00,6.74,3.76,5.35,1,1,1,3.51,9.86,2.42,5.15,3.35,7.35,4.00,27.91,AdaptiveConvectionAlgorit,TARP,6.94,0.00,0.00,1.24,7,14,0,Yes
 Zone Information, GROUNDFLOOR:ZONE7,0.0,0.00,0.00,0.00,16.95,4.46,1.67,1,1,1,14.53,19.70,1.71,7.66,0.00,3.35,3.35,43.33,AdaptiveConvectionAlgorit,TARP,12.94,35.63,31.76,1.40,8,5,0,Yes
 Zone Information, GROUNDFLOOR:ZONE3,0.0,0.00,0.00,0.00,11.77,5.16,1.67,1,1,1,9.55,14.03,4.00,6.31,0.00,3.35,3.35,17.47,AdaptiveConvectionAlgorit,TARP,5.21,0.00,0.00,0.00,7,3,0,Yes
 Zone Information, GROUNDFLOOR:ZONE6,0.0,0.00,0.00,0.00,15.73,5.83,1.67,1,1,1,13.75,18.67,3.64,7.66,0.00,3.35,3.35,24.43,AdaptiveConvectionAlgorit,TARP,7.29,5.40,5.21,9.88E-002,7,2,0,Yes
 Zone Information, GROUNDFLOOR:ZONE5,0.0,0.00,0.00,0.00,7.23,1.81,1.67,1,1,1,3.86,9.96,9.39E-002,4.00,0.00,3.35,3.35,50.76,AdaptiveConvectionAlgorit,TARP,15.15,0.00,0.00,0.00,18,1,0,Yes
 Zone Information, GROUNDFLOOR:ZONE2,0.0,0.00,0.00,0.00,0.70,2.08,1.67,1,1,1,-2.77,3.86,0.81,3.45,0.00,3.35,3.35,22.69,AdaptiveConvectionAlgorit,TARP,6.77,5.50,5.50,0.00,7,3,0,Yes
 Zone Information, GROUNDFLOOR:ZONE1,0.0,0.00,0.00,0.00,3.50,4.39,1.68,1,1,1,-3.35,11.08,1.63,6.83,0.00,3.35,3.35,87.05,AdaptiveConvectionAlgorit,TARP,25.99,48.15,33.11,10.35,10,16,0,Yes
 Zone Information, GROUNDFLOOR:ZONE4,0.0,0.00,0.00,0.00,6.75,3.76,1.67,1,1,1,3.62,9.86,2.43,5.13,0.00,3.35,3.35,23.04,AdaptiveConvectionAlgorit,TARP,6.88,0.00,0.00,0.00,6,4,0,Yes
 Zone Information, GROUNDFLOOR:OFFICE3,0.0,0.00,0.00,0.00,11.44,7.47,1.67,1,1,1,8.78,14.43,5.39,9.81,0.00,3.35,3.35,49.04,TARP,TARP,14.64,12.33,8.47,3.85,14,5,0,Yes
 Zone Information, GROUNDFLOOR:OFFICE1,0.0,0.00,0.00,0.00,16.55,9.05,1.67,1,1,1,14.10,19.71,6.67,12.14,0.00,3.35,3.35,53.99,TARP,TARP,16.12,25.59,21.59,4.00,13,6,0,Yes
 Zone Information, GROUNDFLOOR:CORRIDOR%A1,0.0,0.00,0.00,0.00,14.51,6.71,1.68,1,1,1,13.30,15.94,5.96,7.64,0.00,3.35,3.35,6.25,TARP,TARP,1.86,0.00,0.00,0.00,6,2,0,Yes
 Zone Information, GROUNDFLOOR:CORRIDOR%A2,0.0,0.00,0.00,0.00,14.81,8.27,1.68,1,1,1,13.37,16.01,6.84,9.78,0.00,3.35,3.35,13.39,TARP,TARP,4.00,0.00,0.00,0.00,14,3,0,Yes
 Zone Information, GROUNDFLOOR:OFFICE2,0.0,0.00,0.00,0.00,12.99,10.65,1.68,1,1,1,10.50,15.46,8.53,12.86,0.00,3.35,3.35,41.53,TARP,TARP,12.40,22.23,18.55,3.68,11,5,0,Yes
 Zone Information, UNDERGROUNDFLOOR:ZONE1,0.0,0.00,0.00,0.00,13.57,8.67,-1.25,1,1,1,8.78,19.71,5.39,12.86,-2.50,0.00,2.50,122.55,TARP,TARP,49.02,0.00,0.00,0.00,14,0,0,Yes
 Zone Information, FIRSTFLOOR:OFFICE10,0.0,0.00,0.00,0.00,11.45,7.50,5.80,1,1,1,8.78,14.40,5.39,9.81,3.35,8.25,4.90,71.78,TARP,TARP,14.65,18.03,15.69,2.35,15,3,0,Yes
 Zone Information, FIRSTFLOOR:OFFICE8,0.0,0.00,0.00,0.00,16.62,9.15,5.80,1,1,1,14.10,19.71,6.71,12.14,3.35,8.25,4.90,78.79,TARP,TARP,16.08,37.43,34.76,2.67,12,5,0,Yes
 Zone Information, FIRSTFLOOR:CORRIDOR%B1,0.0,0.00,0.00,0.00,14.52,6.75,5.80,1,1,1,13.19,16.08,5.93,7.76,3.35,8.25,4.90,10.93,TARP,TARP,2.19,0.00,0.00,0.00,8,2,0,Yes
 Zone Information, FIRSTFLOOR:CORRIDOR%B2,0.0,0.00,0.00,0.00,14.81,8.34,5.80,1,1,1,13.41,16.01,6.92,9.78,3.35,8.25,4.90,18.44,TARP,TARP,3.75,0.00,0.00,0.00,11,3,0,Yes
 Zone Information, FIRSTFLOOR:OFFICE9,0.0,0.00,0.00,0.00,12.99,10.69,5.80,1,1,1,10.50,15.46,8.60,12.86,3.35,8.25,4.90,60.25,TARP,TARP,12.30,32.51,30.16,2.35,10,3,0,Yes
! <Zone Internal Gains/Equipment Information - Nominal>,Zone Name, Floor Area {m2},# Occupants,Area per Occupant {m2/person},Occupant per Area {person/m2},Interior Lighting {W/m2},Electric Load {W/m2},Gas Load {W/m2},Other Load {W/m2},Hot Water Eq {W/m2},Steam Equipment {W/m2},Sum Loads per Area {W/m2},Outdoor Controlled Baseboard Heat
 Zone Internal Gains, BLOCK1:OFFICE4,19.02,1.0,19.021,5.257E-002,15.141,6.046,0.000,0.000,0.000,0.000,21.187,No
 Zone Internal Gains, BLOCK1:OFFICE5%6,15.10,1.0,15.097,6.624E-002,23.845,13.247,0.000,0.000,0.000,0.000,37.093,No
 Zone Internal Gains, BLOCK1:WC,4.14,0.0,N/A,0.000,8.696,0.000,0.000,0.000,0.000,0.000,8.696,No
 Zone Internal Gains, BLOCK1:ELEVAT%CORRIDOR0,8.10,0.0,N/A,0.000,0.000,0.000,0.000,0.000,0.000,0.000,0.000,No
 Zone Internal Gains, BLOCK2:OFFICE12,7.72,1.0,7.724,0.129,9.321,11.770,0.000,0.000,0.000,0.000,21.092,No
 Zone Internal Gains, BLOCK2:ELEVAT%CORRIDOR1,8.10,0.0,N/A,0.000,0.000,11.780,0.000,0.000,0.000,0.000,11.780,No
 Zone Internal Gains, BLOCK2:OFFICE11,23.43,1.0,23.435,4.267E-002,21.506,4.267,0.000,0.000,0.000,0.000,25.774,No
 Zone Internal Gains, BLOCK2:OFFICE13,7.10,1.0,7.099,0.141,30.427,14.087,0.000,0.000,0.000,0.000,44.514,No
 Zone Internal Gains, UNDERGROUND:ZONE2,12.94,1.4,9.009,0.111,0.000,0.000,0.000,0.000,0.000,0.000,0.000,No
 Zone Internal Gains, UNDERGROUND:ZONE1,7.29,0.8,9.009,0.111,0.000,0.000,0.000,0.000,0.000,0.000,0.000,No
 Zone Internal Gains, FIRSTFLOOR:ZONE7,12.94,1.4,9.009,0.111,0.000,0.000,0.000,0.000,0.000,0.000,0.000,No
 Zone Internal Gains, FIRSTFLOOR:ZONE3,5.18,0.6,9.001,0.111,0.000,0.000,0.000,0.000,0.000,0.000,0.000,No
 Zone Internal Gains, FIRSTFLOOR:ZONE6,7.29,0.8,9.009,0.111,0.000,0.000,0.000,0.000,0.000,0.000,0.000,No
 Zone Internal Gains, FIRSTFLOOR:ZONE5,15.15,1.5E-002,1031.845,9.691E-004,0.000,0.000,0.000,0.000,0.000,0.000,0.000,No
 Zone Internal Gains, FIRSTFLOOR:ZONE2,6.70,0.7,9.009,0.111,0.000,0.000,0.000,0.000,0.000,0.000,0.000,No
 Zone Internal Gains, FIRSTFLOOR:ZONE1,0.14,9.1E-003,15.906,6.287E-002,0.000,0.000,0.000,0.000,0.000,0.000,0.000,No
 Zone Internal Gains, FIRSTFLOOR:ZONE4,6.94,0.8,8.963,0.112,0.000,0.000,0.000,0.000,0.000,0.000,0.000,No
 Zone Internal Gains, GROUNDFLOOR:ZONE7,12.94,1.4,9.009,0.111,0.000,0.000,0.000,0.000,0.000,0.000,0.000,No
 Zone Internal Gains, GROUNDFLOOR:ZONE3,5.21,0.6,9.009,0.111,0.000,0.000,0.000,0.000,0.000,0.000,0.000,No
 Zone Internal Gains, GROUNDFLOOR:ZONE6,7.29,0.8,9.009,0.111,0.000,0.000,0.000,0.000,0.000,0.000,0.000,No
 Zone Internal Gains, GROUNDFLOOR:ZONE5,15.15,1.7,9.009,0.111,0.000,0.000,0.000,0.000,0.000,0.000,0.000,No
 Zone Internal Gains, GROUNDFLOOR:ZONE2,6.77,0.8,9.009,0.111,0.000,0.000,0.000,0.000,0.000,0.000,0.000,No
 Zone Internal Gains, GROUNDFLOOR:ZONE1,25.99,2.9,9.009,0.111,0.000,0.000,0.000,0.000,0.000,0.000,0.000,No
 Zone Internal Gains, GROUNDFLOOR:ZONE4,6.88,0.8,9.009,0.111,0.000,0.000,0.000,0.000,0.000,0.000,0.000,No
 Zone Internal Gains, GROUNDFLOOR:OFFICE3,14.64,1.0,14.640,6.830E-002,19.672,7.855,0.000,0.000,0.000,0.000,27.527,No
 Zone Internal Gains, GROUNDFLOOR:OFFICE1,16.12,1.0,16.118,6.204E-002,8.934,6.204,0.000,0.000,0.000,0.000,15.139,No
 Zone Internal Gains, GROUNDFLOOR:CORRIDOR%A1,1.86,0.0,N/A,0.000,0.000,0.000,0.000,0.000,0.000,0.000,0.000,No
 Zone Internal Gains, GROUNDFLOOR:CORRIDOR%A2,4.00,0.0,N/A,0.000,0.000,0.000,0.000,0.000,0.000,0.000,0.000,No
 Zone Internal Gains, GROUNDFLOOR:OFFICE2,12.40,1.0,12.398,8.066E-002,11.615,9.276,0.000,0.000,0.000,0.000,20.890,No
 Zone Internal Gains, UNDERGROUNDFLOOR:ZONE1,49.02,0.0,N/A,0.000,0.000,0.000,0.000,0.000,0.000,0.000,0.000,No
 Zone Internal Gains, FIRSTFLOOR:OFFICE10,14.65,1.0,14.649,6.826E-002,19.660,6.826,0.000,0.000,0.000,0.000,26.486,No
 Zone Internal Gains, FIRSTFLOOR:OFFICE8,16.08,1.0,16.080,6.219E-002,8.955,7.152,0.000,0.000,0.000,0.000,16.107,No
 Zone Internal Gains, FIRSTFLOOR:CORRIDOR%B1,2.19,0.0,N/A,0.000,0.000,0.000,0.000,0.000,0.000,0.000,0.000,No
 Zone Internal Gains, FIRSTFLOOR:CORRIDOR%B2,3.75,0.0,N/A,0.000,0.000,0.000,0.000,0.000,0.000,0.000,0.000,No
 Zone Internal Gains, FIRSTFLOOR:OFFICE9,12.30,1.0,12.297,8.132E-002,11.710,9.352,0.000,0.000,0.000,0.000,21.063,No
! <People Internal Gains - Nominal>,Name,Schedule Name,Zone Name,Zone Floor Area {m2},# Zone Occupants,Number of People {},People/Floor Area {person/m2},Floor Area per person {m2/person},Fraction Radiant,Fraction Convected,Sensible Fraction Calculation,Activity level,ASHRAE 55 Warnings,Carbon Dioxide Generation Rate,MRT Calculation Type,Work Efficiency,Clothing,Air Velocity,Fanger Calculation,Pierce Calculation,KSU Calculation
 People Internal Gains, PEOPLE BLOCK1:OFFICE4,PEOPLE4,BLOCK1:OFFICE4,19.02,1.0,1.0,5.257E-002,19.021,0.300,0.700,AutoCalculate,ACTIVITY SCH,No,3.8200E-008,Zone Averaged,WORK EFFICIENCY,CLOTHING SCHEDULE,AIRVELOCITYSCHEDULE,Yes,No,No
 People Internal Gains, PEOPLE BLOCK1:OFFICE5%6,PEOPLE5_6,BLOCK1:OFFICE5%6,15.10,1.0,1.0,6.624E-002,15.097,0.300,0.700,AutoCalculate,ACTIVITY SCH,No,3.8200E-008,Zone Averaged,WORK EFFICIENCY,CLOTHING SCHEDULE,AIRVELOCITYSCHEDULE,Yes,No,No
 People Internal Gains, PEOPLE BLOCK1:WC,OFF,BLOCK1:WC,4.14,0.0,0.0,0.000,N/A,0.300,0.700,AutoCalculate,ACTIVITY SCH,No,3.8200E-008,Zone Averaged,WORK EFFICIENCY,CLOTHING SCHEDULE,AIRVELOCITYSCHEDULE,Yes,No,No
 People Internal Gains, PEOPLE BLOCK1:ELEVAT%CORRIDOR0,OFF,BLOCK1:ELEVAT%CORRIDOR0,8.10,0.0,0.0,0.000,N/A,0.300,0.700,AutoCalculate,ACTIVITY SCH,No,3.8200E-008,Zone Averaged,WORK EFFICIENCY,CLOTHING SCHEDULE,AIRVELOCITYSCHEDULE,Yes,No,No
 People Internal Gains, PEOPLE BLOCK2:OFFICE12,PEOPLE12,BLOCK2:OFFICE12,7.72,1.0,1.0,0.129,7.724,0.300,0.700,AutoCalculate,ACTIVITY SCH,No,3.8200E-008,Zone Averaged,WORK EFFICIENCY,CLOTHING SCHEDULE,AIRVELOCITYSCHEDULE,Yes,No,No
 People Internal Gains, PEOPLE BLOCK2:ELEVAT%CORRIDOR1,OFF,BLOCK2:ELEVAT%CORRIDOR1,8.10,0.0,0.0,0.000,N/A,0.300,0.700,AutoCalculate,ACTIVITY SCH,No,3.8200E-008,Zone Averaged,WORK EFFICIENCY,CLOTHING SCHEDULE,AIRVELOCITYSCHEDULE,Yes,No,No
 People Internal Gains, PEOPLE BLOCK2:OFFICE11,PEOPLE11,BLOCK2:OFFICE11,23.43,1.0,1.0,4.267E-002,23.435,0.300,0.700,AutoCalculate,ACTIVITY SCH,No,3.8200E-008,Zone Averaged,WORK EFFICIENCY,CLOTHING SCHEDULE,AIRVELOCITYSCHEDULE,Yes,No,No
 People Internal Gains, PEOPLE BLOCK2:OFFICE13,PEOPLE13,BLOCK2:OFFICE13,7.10,1.0,1.0,0.141,7.099,0.300,0.700,AutoCalculate,ACTIVITY SCH,No,3.8200E-008,Zone Averaged,WORK EFFICIENCY,CLOTHING SCHEDULE,AIRVELOCITYSCHEDULE,Yes,No,No
 People Internal Gains, PEOPLE UNDERGROUND:ZONE2,OFF,UNDERGROUND:ZONE2,12.94,1.4,1.4,0.111,9.009,0.300,0.700,AutoCalculate,ACTIVITY SCHEDULE 10958,No,3.8200E-008
 People Internal Gains, PEOPLE UNDERGROUND:ZONE1,OFF,UNDERGROUND:ZONE1,7.29,0.8,0.8,0.111,9.009,0.300,0.700,AutoCalculate,ACTIVITY SCHEDULE 10967,No,3.8200E-008
 People Internal Gains, PEOPLE FIRSTFLOOR:ZONE7,OFF,FIRSTFLOOR:ZONE7,12.94,1.4,1.4,0.111,9.009,0.300,0.700,AutoCalculate,ACTIVITY SCHEDULE 10211,No,3.8200E-008
 People Internal Gains, PEOPLE FIRSTFLOOR:ZONE3,OFF,FIRSTFLOOR:ZONE3,5.18,0.6,0.6,0.111,9.001,0.300,0.700,AutoCalculate,ACTIVITY SCHEDULE 10220,No,3.8200E-008
 People Internal Gains, PEOPLE FIRSTFLOOR:ZONE6,OFF,FIRSTFLOOR:ZONE6,7.29,0.8,0.8,0.111,9.009,0.300,0.700,AutoCalculate,ACTIVITY SCHEDULE 10228,No,3.8200E-008
 People Internal Gains, PEOPLE FIRSTFLOOR:ZONE5,OFF,FIRSTFLOOR:ZONE5,15.15,1.5E-002,1.5E-002,9.691E-004,1031.845,0.300,0.700,AutoCalculate,ACTIVITY SCHEDULE 10236,No,3.8200E-008
 People Internal Gains, PEOPLE FIRSTFLOOR:ZONE2,OFF,FIRSTFLOOR:ZONE2,6.70,0.7,0.7,0.111,9.009,0.300,0.700,AutoCalculate,ACTIVITY SCHEDULE 10255,No,3.8200E-008
 People Internal Gains, PEOPLE FIRSTFLOOR:ZONE1,OFF,FIRSTFLOOR:ZONE1,0.14,9.1E-003,9.1E-003,6.287E-002,15.906,0.300,0.700,AutoCalculate,ACTIVITY SCHEDULE 10262,No,3.8200E-008
 People Internal Gains, PEOPLE FIRSTFLOOR:ZONE4,OFF,FIRSTFLOOR:ZONE4,6.94,0.8,0.8,0.112,8.963,0.300,0.700,AutoCalculate,ACTIVITY SCHEDULE 10273,No,3.8200E-008
 People Internal Gains, PEOPLE GROUNDFLOOR:ZONE7,OFF,GROUNDFLOOR:ZONE7,12.94,1.4,1.4,0.111,9.009,0.300,0.700,AutoCalculate,ACTIVITY SCHEDULE 11375,No,3.8200E-008
 People Internal Gains, PEOPLE GROUNDFLOOR:ZONE3,OFF,GROUNDFLOOR:ZONE3,5.21,0.6,0.6,0.111,9.009,0.300,0.700,AutoCalculate,ACTIVITY SCHEDULE 11384,No,3.8200E-008
 People Internal Gains, PEOPLE GROUNDFLOOR:ZONE6,OFF,GROUNDFLOOR:ZONE6,7.29,0.8,0.8,0.111,9.009,0.300,0.700,AutoCalculate,ACTIVITY SCHEDULE 11392,No,3.8200E-008
 People Internal Gains, PEOPLE GROUNDFLOOR:ZONE5,OFF,GROUNDFLOOR:ZONE5,15.15,1.7,1.7,0.111,9.009,0.300,0.700,AutoCalculate,ACTIVITY SCHEDULE 11400,No,3.8200E-008
 People Internal Gains, PEOPLE GROUNDFLOOR:ZONE2,OFF,GROUNDFLOOR:ZONE2,6.77,0.8,0.8,0.111,9.009,0.300,0.700,AutoCalculate,ACTIVITY SCHEDULE 11419,No,3.8200E-008
 People Internal Gains, PEOPLE GROUNDFLOOR:ZONE1,OFF,GROUNDFLOOR:ZONE1,25.99,2.9,2.9,0.111,9.009,0.300,0.700,AutoCalculate,ACTIVITY SCHEDULE 11426,No,3.8200E-008
 People Internal Gains, PEOPLE GROUNDFLOOR:ZONE4,OFF,GROUNDFLOOR:ZONE4,6.88,0.8,0.8,0.111,9.009,0.300,0.700,AutoCalculate,ACTIVITY SCHEDULE 11437,No,3.8200E-008
 People Internal Gains, PEOPLE GROUNDFLOOR:OFFICE3,PEOPLE3,GROUNDFLOOR:OFFICE3,14.64,1.0,1.0,6.830E-002,14.640,0.300,0.700,AutoCalculate,ACTIVITY SCH,No,3.8200E-008,Zone Averaged,WORK EFFICIENCY,CLOTHING SCHEDULE,AIRVELOCITYSCHEDULE,Yes,No,No
 People Internal Gains, PEOPLE GROUNDFLOOR:OFFICE1,PEOPLE1,GROUNDFLOOR:OFFICE1,16.12,1.0,1.0,6.204E-002,16.118,0.300,0.700,AutoCalculate,ACTIVITY SCH,No,3.8200E-008,Zone Averaged,WORK EFFICIENCY,CLOTHING SCHEDULE,AIRVELOCITYSCHEDULE,Yes,No,No
 People Internal Gains, PEOPLE GROUNDFLOOR:CORRIDOR%A1,OFF,GROUNDFLOOR:CORRIDOR%A1,1.86,0.0,0.0,0.000,N/A,0.300,0.700,AutoCalculate,ACTIVITY SCH,No,3.8200E-008,Zone Averaged,WORK EFFICIENCY,CLOTHING SCHEDULE,AIRVELOCITYSCHEDULE,Yes,No,No
 People Internal Gains, PEOPLE GROUNDFLOOR:CORRIDOR%A2,OFF,GROUNDFLOOR:CORRIDOR%A2,4.00,0.0,0.0,0.000,N/A,0.300,0.700,AutoCalculate,ACTIVITY SCH,No,3.8200E-008,Zone Averaged,WORK EFFICIENCY,CLOTHING SCHEDULE,AIRVELOCITYSCHEDULE,Yes,No,No
 People Internal Gains, PEOPLE GROUNDFLOOR:OFFICE2,PEOPLE2,GROUNDFLOOR:OFFICE2,12.40,1.0,1.0,8.066E-002,12.398,0.300,0.700,AutoCalculate,ACTIVITY SCH,No,3.8200E-008,Zone Averaged,WORK EFFICIENCY,CLOTHING SCHEDULE,AIRVELOCITYSCHEDULE,Yes,No,No
 People Internal Gains, PEOPLE UNDERGROUNDFLOOR:ZONE1,OFF,UNDERGROUNDFLOOR:ZONE1,49.02,0.0,0.0,0.000,N/A,0.300,0.700,AutoCalculate,ACTIVITY SCH,No,3.8200E-008,Zone Averaged,WORK EFFICIENCY,CLOTHING SCHEDULE,AIRVELOCITYSCHEDULE,Yes,No,No
 People Internal Gains, PEOPLE FIRSTFLOOR:OFFICE10,PEOPLE10,FIRSTFLOOR:OFFICE10,14.65,1.0,1.0,6.826E-002,14.649,0.300,0.700,AutoCalculate,ACTIVITY SCH,No,3.8200E-008,Zone Averaged,WORK EFFICIENCY,CLOTHING SCHEDULE,AIRVELOCITYSCHEDULE,Yes,No,No
 People Internal Gains, PEOPLE FIRSTFLOOR:OFFICE8,PEOPLE8,FIRSTFLOOR:OFFICE8,16.08,1.0,1.0,6.219E-002,16.080,0.300,0.700,AutoCalculate,ACTIVITY SCH,No,3.8200E-008,Zone Averaged,WORK EFFICIENCY,CLOTHING SCHEDULE,AIRVELOCITYSCHEDULE,Yes,No,No
 People Internal Gains, PEOPLE FIRSTFLOOR:CORRIDOR%B1,PEOPLE9,FIRSTFLOOR:CORRIDOR%B1,2.19,0.0,0.0,0.000,N/A,0.300,0.700,AutoCalculate,ACTIVITY SCH,No,3.8200E-008,Zone Averaged,WORK EFFICIENCY,CLOTHING SCHEDULE,AIRVELOCITYSCHEDULE,Yes,No,No
 People Internal Gains, PEOPLE FIRSTFLOOR:CORRIDOR%B2,OFF,FIRSTFLOOR:CORRIDOR%B2,3.75,0.0,0.0,0.000,N/A,0.300,0.700,AutoCalculate,ACTIVITY SCH,No,3.8200E-008,Zone Averaged,WORK EFFICIENCY,CLOTHING SCHEDULE,AIRVELOCITYSCHEDULE,Yes,No,No
 People Internal Gains, PEOPLE FIRSTFLOOR:OFFICE9,PEOPLE9,FIRSTFLOOR:OFFICE9,12.30,1.0,1.0,8.132E-002,12.297,0.300,0.700,AutoCalculate,ACTIVITY SCH,No,3.8200E-008,Zone Averaged,WORK EFFICIENCY,CLOTHING SCHEDULE,AIRVELOCITYSCHEDULE,Yes,No,No
! <Lights Internal Gains - Nominal>,Name,Schedule Name,Zone Name,Zone Floor Area {m2},# Zone Occupants,Lighting Level {W},Lights/Floor Area {W/m2},Lights per person {W/person},Fraction Return Air,Fraction Radiant,Fraction Short Wave,Fraction Convected,Fraction Replaceable,EndUse Category
 Lights Internal Gains, BLOCK1:OFFICE4 GENERAL LIGHTING,OFF,BLOCK1:OFFICE4,19.02,1.0,288.000,15.141,288.000,0.000,0.420,0.180,0.400,1.000,ELECTRIC EQUIPMENT#Block1:Office4#GeneralLights
 Lights Internal Gains, BLOCK1:OFFICE5%6 GENERAL LIGHTING,OFF,BLOCK1:OFFICE5%6,15.10,1.0,360.000,23.845,360.000,0.000,0.420,0.180,0.400,1.000,ELECTRIC EQUIPMENT#Block1:Office5%6#GeneralLights
 Lights Internal Gains, BLOCK1:WC GENERAL LIGHTING,OFF,BLOCK1:WC,4.14,0.0,36.000,8.696,N/A,0.000,0.420,0.180,0.400,1.000,ELECTRIC EQUIPMENT#Block1:Wc#GeneralLights
 Lights Internal Gains, BLOCK1:ELEVAT%CORRIDOR0 GENERAL LIGHTING,OFF,BLOCK1:ELEVAT%CORRIDOR0,8.10,0.0,0.000,0.000,N/A,0.000,0.420,0.180,0.400,1.000,ELECTRIC EQUIPMENT#Block1:Elevat%corridor0#GeneralLights
 Lights Internal Gains, BLOCK2:OFFICE12 GENERAL LIGHTING,OFF,BLOCK2:OFFICE12,7.72,1.0,72.000,9.321,72.000,0.000,0.420,0.180,0.400,1.000,ELECTRIC EQUIPMENT#Block2:Office12#GeneralLights
 Lights Internal Gains, BLOCK2:ELEVAT%CORRIDOR1 GENERAL LIGHTING,OFF,BLOCK2:ELEVAT%CORRIDOR1,8.10,0.0,0.000,0.000,N/A,0.000,0.420,0.180,0.400,1.000,ELECTRIC EQUIPMENT#Block2:Elevat%corridor1#GeneralLights
 Lights Internal Gains, BLOCK2:OFFICE11 GENERAL LIGHTING,OFF,BLOCK2:OFFICE11,23.43,1.0,504.000,21.506,504.000,0.000,0.420,0.180,0.400,1.000,ELECTRIC EQUIPMENT#Block2:Office11#GeneralLights
 Lights Internal Gains, BLOCK2:OFFICE13 GENERAL LIGHTING,OFF,BLOCK2:OFFICE13,7.10,1.0,216.000,30.427,216.000,0.000,0.420,0.180,0.400,1.000,ELECTRIC EQUIPMENT#Block2:Office13#GeneralLights
 Lights Internal Gains, GROUNDFLOOR:OFFICE3 GENERAL LIGHTING,LIGHTS,GROUNDFLOOR:OFFICE3,14.64,1.0,288.000,19.672,288.000,0.000,0.720,0.180,0.100,1.000,ELECTRIC EQUIPMENT#GroundFloor:Office3#GeneralLights
 Lights Internal Gains, GROUNDFLOOR:OFFICE1 GENERAL LIGHTING,LIGHTS,GROUNDFLOOR:OFFICE1,16.12,1.0,144.000,8.934,144.000,0.000,0.720,0.180,0.100,1.000,ELECTRIC EQUIPMENT#GroundFloor:Office1#GeneralLights
 Lights Internal Gains, GROUNDFLOOR:CORRIDOR%A1 GENERAL LIGHTING,OFF,GROUNDFLOOR:CORRIDOR%A1,1.86,0.0,0.000,0.000,N/A,0.000,0.720,0.180,0.100,1.000,ELECTRIC EQUIPMENT#GroundFloor:Corridor%a1#GeneralLights
 Lights Internal Gains, GROUNDFLOOR:CORRIDOR%A2 GENERAL LIGHTING,OFF,GROUNDFLOOR:CORRIDOR%A2,4.00,0.0,0.000,0.000,N/A,0.000,0.720,0.180,0.100,1.000,ELECTRIC EQUIPMENT#GroundFloor:Corridor%a2#GeneralLights
 Lights Internal Gains, GROUNDFLOOR:OFFICE2 GENERAL LIGHTING,LIGHTS,GROUNDFLOOR:OFFICE2,12.40,1.0,144.000,11.615,144.000,0.000,0.720,0.180,0.100,1.000,ELECTRIC EQUIPMENT#GroundFloor:Office2#GeneralLights
 Lights Internal Gains, UNDERGROUNDFLOOR:ZONE1 GENERAL LIGHTING,OFF,UNDERGROUNDFLOOR:ZONE1,49.02,0.0,0.000,0.000,N/A,0.000,0.720,0.180,0.100,1.000,ELECTRIC EQUIPMENT#UndergroundFloor:Zone1#GeneralLights
 Lights Internal Gains, FIRSTFLOOR:OFFICE10 GENERAL LIGHTING,LIGHTS,FIRSTFLOOR:OFFICE10,14.65,1.0,288.000,19.660,288.000,0.000,0.720,0.180,0.100,1.000,ELECTRIC EQUIPMENT#FirstFloor:Office10#GeneralLights
 Lights Internal Gains, FIRSTFLOOR:OFFICE8 GENERAL LIGHTING,LIGHTS,FIRSTFLOOR:OFFICE8,16.08,1.0,144.000,8.955,144.000,0.000,0.720,0.180,0.100,1.000,ELECTRIC EQUIPMENT#FirstFloor:Office8#GeneralLights
 Lights Internal Gains, FIRSTFLOOR:CORRIDOR%B1 GENERAL LIGHTING,OFF,FIRSTFLOOR:CORRIDOR%B1,2.19,0.0,0.000,0.000,N/A,0.000,0.720,0.180,0.100,1.000,ELECTRIC EQUIPMENT#FirstFloor:Corridor%b1#GeneralLights
 Lights Internal Gains, FIRSTFLOOR:CORRIDOR%B2 GENERAL LIGHTING,OFF,FIRSTFLOOR:CORRIDOR%B2,3.75,0.0,0.000,0.000,N/A,0.000,0.720,0.180,0.100,1.000,ELECTRIC EQUIPMENT#FirstFloor:Corridor%b2#GeneralLights
 Lights Internal Gains, FIRSTFLOOR:OFFICE9 GENERAL LIGHTING,LIGHTS,FIRSTFLOOR:OFFICE9,12.30,1.0,144.000,11.710,144.000,0.000,0.720,0.180,0.100,1.000,ELECTRIC EQUIPMENT#FirstFloor:Office9#GeneralLights
! <ElectricEquipment Internal Gains - Nominal>,Name,Schedule Name,Zone Name,Zone Floor Area {m2},# Zone Occupants,Equipment Level {W},Equipment/Floor Area {W/m2},Equipment per person {W/person},Fraction Latent,Fraction Radiant,Fraction Lost,Fraction Convected,EndUse SubCategory
 ElectricEquipment Internal Gains, BLOCK1:OFFICE4 EQUIPMENT 1,OFF,BLOCK1:OFFICE4,19.02,1.0,115.000,6.046,115.000,0.000,0.200,0.000,0.800,ELECTRIC EQUIPMENT#Block1:Office4#05
 ElectricEquipment Internal Gains, BLOCK1:OFFICE5%6 EQUIPMENT 1,OFF,BLOCK1:OFFICE5%6,15.10,1.0,200.000,13.247,200.000,0.000,0.200,0.000,0.800,ELECTRIC EQUIPMENT#Block1:Office5%6#05
 ElectricEquipment Internal Gains, BLOCK1:WC EQUIPMENT 1,OFF,BLOCK1:WC,4.14,0.0,0.000,0.000,N/A,0.000,0.200,0.000,0.800,ELECTRIC EQUIPMENT#Block1:Wc#05
 ElectricEquipment Internal Gains, BLOCK1:ELEVAT%CORRIDOR0 EQUIPMENT 1,OFF,BLOCK1:ELEVAT%CORRIDOR0,8.10,0.0,0.000,0.000,N/A,0.000,0.200,0.000,0.800,ELECTRIC EQUIPMENT#Block1:Elevat%corridor0#05
 ElectricEquipment Internal Gains, BLOCK2:OFFICE12 EQUIPMENT 1,OFF,BLOCK2:OFFICE12,7.72,1.0,90.917,11.770,90.917,0.000,0.200,0.000,0.800,ELECTRIC EQUIPMENT#Block2:Office12#05
 ElectricEquipment Internal Gains, BLOCK2:ELEVAT%CORRIDOR1 EQUIPMENT 1,OFF,BLOCK2:ELEVAT%CORRIDOR1,8.10,0.0,95.408,11.780,N/A,0.000,0.200,0.000,0.800,ELECTRIC EQUIPMENT#Block2:Elevat%corridor1#05
 ElectricEquipment Internal Gains, BLOCK2:OFFICE11 EQUIPMENT 1,OFF,BLOCK2:OFFICE11,23.43,1.0,100.000,4.267,100.000,0.000,0.200,0.000,0.800,ELECTRIC EQUIPMENT#Block2:Office11#05
 ElectricEquipment Internal Gains, BLOCK2:OFFICE13 EQUIPMENT 1,OFF,BLOCK2:OFFICE13,7.10,1.0,100.000,14.087,100.000,0.000,0.200,0.000,0.800,ELECTRIC EQUIPMENT#Block2:Office13#05
 ElectricEquipment Internal Gains, GROUNDFLOOR:OFFICE3 EQUIPMENT 1,EQUIP,GROUNDFLOOR:OFFICE3,14.64,1.0,115.000,7.855,115.000,0.000,0.200,0.000,0.800,ELECTRIC EQUIPMENT#GroundFloor:Office3#05
 ElectricEquipment Internal Gains, GROUNDFLOOR:OFFICE1 EQUIPMENT 1,EQUIP,GROUNDFLOOR:OFFICE1,16.12,1.0,100.000,6.204,100.000,0.000,0.200,0.000,0.800,ELECTRIC EQUIPMENT#GroundFloor:Office1#05
 ElectricEquipment Internal Gains, GROUNDFLOOR:CORRIDOR%A1 EQUIPMENT 1,OFF,GROUNDFLOOR:CORRIDOR%A1,1.86,0.0,0.000,0.000,N/A,0.000,0.200,0.000,0.800,ELECTRIC EQUIPMENT#GroundFloor:Corridor%a1#05
 ElectricEquipment Internal Gains, GROUNDFLOOR:CORRIDOR%A2 EQUIPMENT 1,OFF,GROUNDFLOOR:CORRIDOR%A2,4.00,0.0,0.000,0.000,N/A,0.000,0.200,0.000,0.800,ELECTRIC EQUIPMENT#GroundFloor:Corridor%a2#05
 ElectricEquipment Internal Gains, GROUNDFLOOR:OFFICE2 EQUIPMENT 1,EQUIP,GROUNDFLOOR:OFFICE2,12.40,1.0,115.000,9.276,115.000,0.000,0.200,0.000,0.800,ELECTRIC EQUIPMENT#GroundFloor:Office2#05
 ElectricEquipment Internal Gains, UNDERGROUNDFLOOR:ZONE1 EQUIPMENT 1,OFF,UNDERGROUNDFLOOR:ZONE1,49.02,0.0,0.000,0.000,N/A,0.000,0.200,0.000,0.800,ELECTRIC EQUIPMENT#UndergroundFloor:Zone1#05
 ElectricEquipment Internal Gains, FIRSTFLOOR:OFFICE10 EQUIPMENT 1,EQUIP,FIRSTFLOOR:OFFICE10,14.65,1.0,100.000,6.826,100.000,0.000,0.200,0.000,0.800,ELECTRIC EQUIPMENT#FirstFloor:Office10#05
 ElectricEquipment Internal Gains, FIRSTFLOOR:OFFICE8 EQUIPMENT 1,EQUIP,FIRSTFLOOR:OFFICE8,16.08,1.0,115.000,7.152,115.000,0.000,0.200,0.000,0.800,ELECTRIC EQUIPMENT#FirstFloor:Office8#05
 ElectricEquipment Internal Gains, FIRSTFLOOR:CORRIDOR%B1 EQUIPMENT 1,OFF,FIRSTFLOOR:CORRIDOR%B1,2.19,0.0,0.000,0.000,N/A,0.000,0.200,0.000,0.800,ELECTRIC EQUIPMENT#FirstFloor:Corridor%b1#05
 ElectricEquipment Internal Gains, FIRSTFLOOR:CORRIDOR%B2 EQUIPMENT 1,OFF,FIRSTFLOOR:CORRIDOR%B2,3.75,0.0,0.000,0.000,N/A,0.000,0.200,0.000,0.800,ELECTRIC EQUIPMENT#FirstFloor:Corridor%b2#05
 ElectricEquipment Internal Gains, FIRSTFLOOR:OFFICE9 EQUIPMENT 1,EQUIP,FIRSTFLOOR:OFFICE9,12.30,1.0,115.000,9.352,115.000,0.000,0.200,0.000,0.800,ELECTRIC EQUIPMENT#FirstFloor:Office9#05
! <Construction>,Construction Name,#Layers,#CTFs,Time Step {hours},ThermalConductance {w/m2-K},OuterThermalAbsorptance,InnerThermalAbsorptance,OuterSolarAbsorptance,InnerSolarAbsorptance,Roughness
! <Material>,Material Name,Thickness {m},Conductivity {w/m-K},Density {kg/m3},Specific Heat {J/kg-K},ThermalResistance {m2-K/w}
! <Material:Air>,Material Name,ThermalResistance {m2-K/w}
! <CTF>,Time,Outside,Cross,Inside,Flux (except final one)
 Construction,1,   2,  11,   0.167,      4.442    ,   0.900,   0.900,   0.600,   0.580,Rough
 Material,1_1_7,  0.3000,         1.400,   2100.000,      840.000,  0.2143    
 Material,1_2_56,  0.0300,         2.770,   2600.000,      802.000,  0.1083E-01
 CTF,  11,      0.34090010E-14,     -0.32920520E-14,     -0.31414640E-07,     -0.27301293E-17
 CTF,  10,      0.24336880E-06,     -0.91684598E-14,      0.71386981E-02,     -0.49244995E-08
 CTF,   9,     -0.15499766E-01,      0.54493889E-10,     -0.28899176    ,      0.31363582E-03
 CTF,   8,      0.40102408    ,      0.38232345E-07,       4.4260072    ,     -0.82671263E-02
 CTF,   7,      -4.4034982    ,      0.26550516E-05,      -35.885766    ,      0.92778569E-01
 CTF,   6,       26.877892    ,      0.42766109E-04,       175.07190    ,     -0.58081390    
 CTF,   5,      -100.36747    ,      0.21550127E-03,      -544.58411    ,       2.2328045    
 CTF,   4,       237.69600    ,      0.37573541E-03,       1103.8160    ,      -5.4643817    
 CTF,   3,      -357.23784    ,      0.22208043E-03,      -1449.2293    ,       8.5174683    
 CTF,   2,       329.07051    ,      0.37955848E-04,       1186.0317    ,      -8.1636289    
 CTF,   1,      -168.97500    ,      0.11927143E-05,      -548.93142    ,       4.3735245    
 CTF,   0,       36.954785    ,      0.10976304E-08,       109.56771    
 Construction,2,   2,  11,   0.167,      4.442    ,   0.900,   0.900,   0.580,   0.600,Rough
 Material,1_2_56,  0.0300,         2.770,   2600.000,      802.000,  0.1083E-01
 Material,1_1_7,  0.3000,         1.400,   2100.000,      840.000,  0.2143    
 CTF,  11,     -0.31414640E-07,     -0.32920520E-14,      0.34090010E-14,     -0.27301293E-17
 CTF,  10,      0.71386981E-02,     -0.91684598E-14,      0.24336880E-06,     -0.49244995E-08
 CTF,   9,     -0.28899176    ,      0.54493889E-10,     -0.15499766E-01,      0.31363582E-03
 CTF,   8,       4.4260072    ,      0.38232345E-07,      0.40102408    ,     -0.82671263E-02
 CTF,   7,      -35.885766    ,      0.26550516E-05,      -4.4034982    ,      0.92778569E-01
 CTF,   6,       175.07190    ,      0.42766109E-04,       26.877892    ,     -0.58081390    
 CTF,   5,      -544.58411    ,      0.21550127E-03,      -100.36747    ,       2.2328045    
 CTF,   4,       1103.8160    ,      0.37573541E-03,       237.69600    ,      -5.4643817    
 CTF,   3,      -1449.2293    ,      0.22208043E-03,      -357.23784    ,       8.5174683    
 CTF,   2,       1186.0317    ,      0.37955848E-04,       329.07051    ,      -8.1636289    
 CTF,   1,      -548.93142    ,      0.11927143E-05,      -168.97500    ,       4.3735245    
 CTF,   0,       109.56771    ,      0.10976304E-08,       36.954785    
 Construction,3,   2,  13,   0.167,      3.619    ,   0.900,   0.900,   0.580,   0.600,Rough
 Material,1_2_56,  0.0300,         2.770,   2600.000,      802.000,  0.1083E-01
 Material,3_2_9,  0.3000,         1.130,   2000.000,     1000.000,  0.2655    
 CTF,  13,     -0.26304704E-08,     -0.88453004E-16,     -0.60496793E-15,      0.33287996E-16
 CTF,  12,      0.71014838E-03,      0.20783859E-13,      0.20604306E-07,     -0.41762580E-09
 CTF,  11,     -0.35077048E-01,      0.34317989E-13,     -0.15658524E-02,      0.31738271E-04
 CTF,  10,      0.69401676    ,      0.59273442E-10,      0.52914932E-01,     -0.10896522E-02
 CTF,   9,      -7.5719116    ,      0.10285286E-07,     -0.78150369    ,      0.16386509E-01
 CTF,   8,       51.697973    ,      0.39378614E-06,       6.6460910    ,     -0.14224340    
 CTF,   7,      -235.15211    ,      0.48783262E-05,      -36.109849    ,      0.79094354    
 CTF,   6,       735.60438    ,      0.23008009E-04,       131.49289    ,      -2.9557505    
 CTF,   5,      -1602.4426    ,      0.43895019E-04,      -327.36334    ,       7.5724879    
 CTF,   4,       2422.3210    ,      0.33449317E-04,       557.36768    ,      -13.302927    
 CTF,   3,      -2486.7772    ,      0.92925078E-05,      -636.58677    ,       15.715264    
 CTF,   2,       1651.0805    ,      0.74675771E-06,       465.16408    ,      -11.903065    
 CTF,   1,      -638.47945    ,      0.10938579E-07,      -196.07341    ,       5.2099294    
 CTF,   0,       109.05991    ,     -0.19480560E-09,       36.192895    
 Construction,4,   2,  13,   0.167,      3.619    ,   0.900,   0.900,   0.600,   0.580,Rough
 Material,3_2_9,  0.3000,         1.130,   2000.000,     1000.000,  0.2655    
 Material,1_2_56,  0.0300,         2.770,   2600.000,      802.000,  0.1083E-01
 CTF,  13,     -0.60496793E-15,     -0.88453004E-16,     -0.26304704E-08,      0.33287996E-16
 CTF,  12,      0.20604306E-07,      0.20783859E-13,      0.71014838E-03,     -0.41762580E-09
 CTF,  11,     -0.15658524E-02,      0.34317989E-13,     -0.35077048E-01,      0.31738271E-04
 CTF,  10,      0.52914932E-01,      0.59273442E-10,      0.69401676    ,     -0.10896522E-02
 CTF,   9,     -0.78150369    ,      0.10285286E-07,      -7.5719116    ,      0.16386509E-01
 CTF,   8,       6.6460910    ,      0.39378614E-06,       51.697973    ,     -0.14224340    
 CTF,   7,      -36.109849    ,      0.48783262E-05,      -235.15211    ,      0.79094354    
 CTF,   6,       131.49289    ,      0.23008009E-04,       735.60438    ,      -2.9557505    
 CTF,   5,      -327.36334    ,      0.43895019E-04,      -1602.4426    ,       7.5724879    
 CTF,   4,       557.36768    ,      0.33449317E-04,       2422.3210    ,      -13.302927    
 CTF,   3,      -636.58677    ,      0.92925078E-05,      -2486.7772    ,       15.715264    
 CTF,   2,       465.16408    ,      0.74675771E-06,       1651.0805    ,      -11.903065    
 CTF,   1,      -196.07341    ,      0.10938579E-07,      -638.47945    ,       5.2099294    
 CTF,   0,       36.192895    ,     -0.19480560E-09,       109.05991    
 Construction,5,   4,  18,   0.333,     0.4102    ,   0.900,   0.900,   0.290,   0.600,Rough
 Material,5_1_31,  0.2000,         0.360,   1840.000,      840.000,  0.5556    
 Material,5_2_4,  0.0800,         0.700,   2100.000,     1000.000,  0.1143    
 Material,5_3_85,  0.0400,         0.035,     25.000,     1400.000,   1.143    
 Material,5_4_1,  0.1000,         0.160,    500.000,      840.000,  0.6250    
 CTF,  18,      0.88543570E-11,     -0.67216349E-19,      0.70970860E-11,     -0.31099858E-12
 CTF,  17,     -0.10151236E-08,      0.70077111E-16,     -0.76449026E-09,      0.35940997E-10
 CTF,  16,      0.69364135E-07,      0.54635144E-15,      0.49234693E-07,     -0.24839659E-08
 CTF,  15,     -0.30276494E-05,      0.66903664E-14,     -0.20337603E-05,      0.11002771E-06
 CTF,  14,      0.88626272E-04,      0.47682873E-12,      0.56567781E-04,     -0.32796154E-05
 CTF,  13,     -0.17998095E-02,      0.14875258E-10,     -0.10952731E-02,      0.68055831E-04
 CTF,  12,      0.25969531E-01,      0.25486204E-09,      0.15108831E-01,     -0.10069866E-02
 CTF,  11,     -0.27078225    ,      0.24492219E-08,     -0.15096634    ,      0.10805650E-01
